0 -0.134902 0.0573795
1 -0.479057 -0.00638592
2 -0.459543 -0.00399777
3 -0.390088 0.11551
4 -0.421075 0.526937
5 -3.01017 -0.518765
6 -1.20621 -0.899884
7 1.71236 0.990781
8 0.679176 0.70737
9 0.0639836 0.366595
10 0.0299911 -0.0602816
11 -0.00508219 0.0976525
12 0.180532 -0.00744428
13 -0.468577 -0.359989
14 0.0685762 0.0637775
15 -0.264647 0.00355717
16 0.212195 0.149149
17 0 0
18 0.256404 0.174695
19 0 0
20 0 0
21 0 0
22 0 0
23 0.039832 0.0734148
24 0 0
25 -0.0381531 -0.076426
26 0 0
27 -0.0134198 0.0432571
28 0.000408636 0.0256825
29 0.0118815 0.0297442
30 0.100564 -0.058926
31 0 0
32 0 0
33 0 0
34 0.0131231 0.00774376
35 0.0303485 0.0219318
36 0 0
37 0 0
38 0 0
39 0 0
40 0 0
41 0 0
42 0 0
43 0 0
44 0 0
45 0 0
46 0 0
47 0 0
48 0 0
49 0 0
50 0.0814558 -0.0120472
51 -0.0578195 -0.0325614
52 0 0
53 0 0
54 0 0
55 0 0
56 0.0800566 -0.111098
57 -0.0330007 0.0206877
58 -0.0173139 0.0882468
59 0 0
60 0 0
61 0 0
62 0 0
63 0 0
64 0 0
65 0 0
66 0 0
67 0 0
68 0 0
69 0 0
70 0 0
71 0 0
72 0 0
73 0 0
74 0 0
75 0 0
76 0.00375529 -0.0553205
77 0.00283023 -0.00761768
78 0 0
79 0 0
80 0 0
81 0 0
82 0.0258069 0.142656
83 0 0
84 0 0
85 0 0
86 0 0
87 0 0
88 0 0
89 0 0
90 -0.021818 -0.0150355
91 0.0171057 -0.0688118
92 -0.00769553 -0.0666608
93 0 0
94 0 0
95 0 0
96 0 0
97 0 0
98 0 0
99 0 0
100 0.000537013 0.035531
101 0.0158162 0.0759408
102 0 0
103 0 0
104 -0.0105335 0.0650713
105 0 0
106 0.0124528 0.0491579
107 0.00404953 -0.0517728
108 0 0
109 0.00710372 -0.0103159
110 0.0211902 -0.0382547
111 0.0307015 -0.0281908
112 0 0
113 0 0
114 0.12088 0.00147613
115 0 0
116 0.00649466 0.117624
117 0 0
118 0 0
119 0.0263622 0.0788862
120 0 0
121 -0.035827 0.0497968
122 0 0
123 -0.0290096 -0.0895619
124 0.042437 -0.074465
125 -0.00601504 -0.0132812
126 0.0868027 -0.0499642
127 0 0
128 0 0
129 0 0
130 0 0
131 -0.0252159 0.112359
132 0 0
133 0 0
134 0 0
135 0 0
136 0 0
137 0 0
138 0 0
139 0 0
140 0 0
141 -0.00946024 -0.062426
142 0.0209009 -0.02452
143 0.0128982 -0.0534283
144 0 0
145 0 0
146 0 0
147 -0.0205138 0.0118472
148 -0.0122008 0.101436
149 0 0
150 0 0
151 0 0
152 0.0375955 -0.0463262
153 -0.00505459 0.00933167
154 0.00444442 0.0532002
155 0.011479 -0.0431995
156 0.00304522 -0.0698097
157 0.00623584 0.103511
158 0 0
159 0 0
160 0.0703781 -0.0680374
161 -0.00726164 0.0289844
162 0.644124 -0.0724861
163 0.721308 -0.00125014
164 0.904175 0.0444722
165 1.93723 1.0333
166 0.659261 0.723113
167 1.06436 0.0338341
168 1.9565 -0.0169817
169 -0.14333 -0.0467484
170 -1.196 -0.36833
171 -0.314768 -0.147853
172 0.232406 0.320801
173 -0.298514 -0.0333958
174 0.00597414 0.0311612
175 -0.0516939 -0.00349868
176 -0.00716461 -0.0367632
177 -0.322309 -0.125194
178 -1.66394 -0.885375
179 -2.65164 -0.836031
180 -0.150355 -0.050678
181 -3.03915 0.00592689
182 -2.09124 -0.0346643
183 -1.38937 -0.741128
184 -3.3231 -0.401423
185 -1.93 0.426425
186 -2.08477 -0.471463
187 -1.17453 0.743742
188 -0.967624 -0.353634
189 -0.206696 0.531201
190 -1.02918 0.0433206
191 0.841794 -0.169351
192 0.544542 0.0153433
193 1.26648 -0.734543
194 0.46758 -0.299031
195 0.895991 0.0849436
196 1.2661 0.0153532
197 2.22296 -1.06452
198 1.01658 -0.0716708
199 1.02226 -0.672048
